--------------------------
N = 4
A[][]=

19.000000 20.000000 19.000000 18.000000 
20.000000 16.000000 18.000000 6.000000 
19.000000 18.000000 6.000000 11.000000 
18.000000 6.000000 11.000000 13.000000 
--------------------------
offDiag[1] = 62.564009
k=1, matrix A[][]=

 37.55617112  -0.00000000  26.17108668  17.27620554 
 -0.00000000  -2.55617112   0.27243710  -7.84427957 
 26.17108668   0.27243710   6.00000000  11.00000000 
 17.27620554  -7.84427957  11.00000000  13.00000000 
--------------------------
offDiag[2] = 29.749659
k=2, matrix A[][]=

 52.33743375   0.13397846   0.00000000  20.45230589 
  0.13397846  -2.55617112   0.23721667  -7.84427957 
  0.00000000   0.23721667  -8.78126263   1.08187888 
 20.45230589  -7.84427957   1.08187888  13.00000000 
--------------------------
offDiag[3] = 11.875620
k=3, matrix A[][]=

 61.04397440  -2.94922007   0.42375668  -0.00000000 
 -2.94922007  -2.55617112   0.23721667  -7.26999128 
  0.42375668   0.23721667  -8.78126263   0.99543568 
 -0.00000000  -7.26999128   0.99543568   4.29345935 
--------------------------
offDiag[4] = 5.940982
k=4, matrix A[][]=

 61.04397440  -2.49044838   0.42375668   1.57973602 
 -2.49044838  -7.16765681   0.73351646  -0.00000000 
  0.42375668   0.73351646  -8.78126263   0.71352473 
  1.57973602  -0.00000000   0.71352473   8.90494504 
--------------------------
offDiag[5] = 3.494992
k=5, matrix A[][]=

 61.13478131   0.00000000   0.39674750   1.57868695 
  0.00000000  -7.25846372   0.74847013   0.05756220 
  0.39674750   0.74847013  -8.78126263   0.71352473 
  1.57868695   0.05756220   0.71352473   8.90494504 
--------------------------
offDiag[6] = 1.927072
k=6, matrix A[][]=

 61.18245482   0.00173748   0.41810407   0.00000000 
  0.00173748  -7.25846372   0.74847013   0.05753597 
  0.41810407   0.74847013  -8.78126263   0.70122401 
  0.00000000   0.05753597   0.70122401   8.85727153 
--------------------------
offDiag[7] = 1.492275
k=7, matrix A[][]=

 61.18245482   0.15995425   0.38630127   0.00000000 
  0.15995425  -6.95218501   0.00000000   0.31882069 
  0.38630127   0.00000000  -9.08754134   0.62719922 
  0.00000000   0.31882069   0.62719922   8.85727153 
--------------------------
offDiag[8] = 0.889247
k=8, matrix A[][]=

 61.18245482   0.15995425   0.38606610   0.01347717 
  0.15995425  -6.95218501  -0.01112293   0.31862660 
  0.38606610  -0.01112293  -9.10943622   0.00000000 
  0.01347717   0.31862660   0.00000000   8.87916641 
--------------------------
offDiag[9] = 0.504070
k=9, matrix A[][]=

 61.18457516   0.15989075   0.00000000   0.01347697 
  0.15989075  -6.95218501  -0.01200124   0.31862660 
  0.00000000  -0.01200124  -9.11155656  -0.00007402 
  0.01347697   0.31862660  -0.00007402   8.87916641 
--------------------------
offDiag[10] = 0.188590
k=10, matrix A[][]=

 61.18457516   0.15958732   0.00000000   0.01669030 
  0.15958732  -6.95859519  -0.01199732   0.00000000 
  0.00000000  -0.01199732  -9.11155656  -0.00031540 
  0.01669030   0.00000000  -0.00031540   8.88557659 
--------------------------
offDiag[11] = 0.029070
k=11, matrix A[][]=

 61.18494890   0.00000000  -0.00002810   0.01669025 
  0.00000000  -6.95896893  -0.01199729  -0.00003909 
 -0.00002810  -0.01199729  -9.11155656  -0.00031540 
  0.01669025  -0.00003909  -0.00031540   8.88557659 
--------------------------
offDiag[12] = 0.012380
k=12, matrix A[][]=

 61.18495423  -0.00000001  -0.00002820   0.00000000 
 -0.00000001  -6.95896893  -0.01199729  -0.00003909 
 -0.00002820  -0.01199729  -9.11155656  -0.00031539 
  0.00000000  -0.00003909  -0.00031539   8.88557126 
--------------------------
offDiag[13] = 0.000381
k=13, matrix A[][]=

 61.18495423   0.00000014  -0.00002820   0.00000000 
  0.00000014  -6.95890207  -0.00000000  -0.00003733 
 -0.00002820  -0.00000000  -9.11162342  -0.00031560 
  0.00000000  -0.00003733  -0.00031560   8.88557126 
--------------------------
offDiag[14] = 0.000066
k=14, matrix A[][]=

 61.18495423   0.00000014  -0.00002820   0.00000000 
  0.00000014  -6.95890207  -0.00000000  -0.00003733 
 -0.00002820  -0.00000000  -9.11162343   0.00000000 
  0.00000000  -0.00003733   0.00000000   8.88557127 
--------------------------
offDiag[15] = 0.000028
k=15, matrix A[][]=

 61.18495423   0.00000014  -0.00002820   0.00000000 
  0.00000014  -6.95890207  -0.00000000   0.00000000 
 -0.00002820  -0.00000000  -9.11162343   0.00000000 
  0.00000000   0.00000000   0.00000000   8.88557127 
--------------------------
offDiag[16] = 0.000000
k=16, matrix A[][]=

 61.18495423   0.00000014   0.00000000   0.00000000 
  0.00000014  -6.95890207  -0.00000000   0.00000000 
  0.00000000  -0.00000000  -9.11162343   0.00000000 
  0.00000000   0.00000000   0.00000000   8.88557127 
--------------------------
After the diagonalization, A[][]=

61.184954 0.000000 0.000000 0.000000 
0.000000 -6.958902 -0.000000 0.000000 
0.000000 -0.000000 -9.111623 0.000000 
0.000000 0.000000 0.000000 8.885571 
--------------------------
The eigen-vector matrix P[][]=

0.614846 -0.775273 -0.086059 0.116236 
0.506496 0.363268 -0.483744 -0.614402 
0.456000 0.246737 0.843205 -0.142091 
0.396850 0.453993 -0.218154 0.767339 
--------------------------
Orthogonality between eigen-vectors:

1.000000 0.000000 0.000000 0.000000 
0.000000 1.000000 -0.000000 0.000000 
0.000000 -0.000000 1.000000 -0.000000 
0.000000 0.000000 -0.000000 1.000000 
--------------------------
No. of iterations= 16
EienValues= 61.184954 -6.958902 -9.111623 8.885571 
--------------------------
The eigen-vectors are::
x[ 0]=0.614846 0.506496 0.456000 0.396850 
--------------------------
x[ 1]=-0.775273 0.363268 0.246737 0.453993 
--------------------------
x[ 2]=-0.086059 -0.483744 0.843205 -0.218154 
--------------------------
x[ 3]=0.116236 -0.614402 -0.142091 0.767339 
--------------------------
 Residual of A*x - u*x =
 0.000000 0.000000 0.000000 0.000000
-------------------------------------------------
