N = 5
offDiag[1] = 91.540974
offDiag[2] = 77.215280
offDiag[3] = 59.871818
offDiag[4] = 41.854283
offDiag[5] = 37.233013
offDiag[6] = 33.468450
offDiag[7] = 31.088997
offDiag[8] = 24.290652
offDiag[9] = 19.415812
offDiag[10] = 15.983054
offDiag[11] = 13.172577
offDiag[12] = 10.539206
offDiag[13] = 8.873827
offDiag[14] = 7.372952
offDiag[15] = 6.259710
offDiag[16] = 5.571275
offDiag[17] = 2.414111
offDiag[18] = 1.333127
offDiag[19] = 0.812426
offDiag[20] = 0.377306
offDiag[21] = 0.326755
offDiag[22] = 0.307574
offDiag[23] = 0.091223
offDiag[24] = 0.070714
offDiag[25] = 0.068836
offDiag[26] = 0.019111
offDiag[27] = 0.000959
offDiag[28] = 0.000623
offDiag[29] = 0.000207
offDiag[30] = 0.000035
offDiag[31] = 0.000004
offDiag[32] = 0.000002
offDiag[33] = 0.000000
